Predicted     0       1      2     All
True                                  
0           594   23934   9369   33897
1           608   85017  16606  102231
2           577   34634  35056   70267
All        1779  143585  61031  206395

             precision    recall  f1-score   support

          0       0.33      0.02      0.03     33897
          1       0.59      0.83      0.69    102231
          2       0.57      0.50      0.53     70267

avg / total       0.54      0.58      0.53    206395

