Predicted     0       1       2      All
True                                    
0          1147  121313   47208   169668
1           929  426904   82772   510605
2           863  175709  175130   351702
All        2939  723926  305110  1031975

[[  1147 121313  47208]
 [   929 426904  82772]
 [   863 175709 175130]]

             precision    recall  f1-score   support

          0       0.39      0.01      0.01    169668
          1       0.59      0.84      0.69    510605
          2       0.57      0.50      0.53    351702

avg / total       0.55      0.58      0.53   1031975
